0 9 12 3 6 12 17 20 6 9 11 19 5 9 10
9 0 3 10 15 10 6 9 15 18 20 8 14 18 19
12 3 0 13 18 3 3 6 18 21 23 11 17 21 22
3 10 13 0 5 16 21 24 10 13 15 23 9 13 14
6 15 18 5 0 19 24 27 13 16 18 26 12 16 17
12 10 3 16 19 0 5 8 19 22 24 12 18 22 23
17 6 3 21 24 5 0 3 24 27 29 17 23 27 28
20 9 6 24 27 8 3 0 27 30 32 20 26 30 31
6 15 18 10 13 19 24 27 0 3 5 13 1 5 6
9 18 21 13 16 22 27 30 3 0 2 10 4 8 9
11 20 23 15 18 24 29 32 5 2 0 8 6 10 11
19 8 11 23 26 12 17 20 13 10 8 0 14 10 9
5 14 17 9 12 18 23 26 1 4 6 14 0 4 5
9 18 21 13 16 22 27 30 5 8 10 10 4 0 1
10 19 22 14 17 23 28 31 6 9 11 9 5 1 0
